285605
107985209
9181
107985210
440153
100507008
389840
106635534
120775
7762
124901191
391109
107985212
343406
105372758
57415
100506994
102466251
124903358
112267936
105369984
10019
124904753
100874089
105374758
124901791
134829
124901392
105371091
105374774
106144578
124909482
107984498
1047
105379123
7905
85465
114915
654322
105375930
105375929
107986913
55283
126820
3717
3294
1060
101928254
124909459
101927482
102724301
5818
102723733
23231
124900688
105375038
100847055
116362
124903840
101927132
107984405
107986625
124903612
152519
1259
3812

894
103752584
1814
3092
7862
4968
23232
124901328
112744
124902464
146279
27018
100507651
105377937
85453
105373124
124901127
348801
9868
159119
2086
109504726
105375329
124903164
346
100533990
344
1209
105378618
105374258
3827
113219464
105374114
11222
728656
653687
100132304
51250
107986271
124902406
165530
50489
100507291
9276
79888
124907727
339788
105373400
124904164
105378685
3881
100653049
84688
124902145
406930
6559
124900530
3241
101929691
105377617
124904627
9296
110806300
100130705
440346
1039
64109
29785
124904790
124905404
1826
105376232
124900799
345062
7341

10763
124907851
124906209
5066
53635
100506033
100616313
101928378
11284
387778
693143
124901023
83982
51131
107985088
101060321
105374516
107987081
56658
414778
414777
202658
79683
124901446
100422863
101929680
124901049
1036
400955
26035
6693
8484
724028
51386
724029
129138
101928698
105370370
223082
105375218
100506639
100132356
648987
148170
3904
105372460
6183
54938
124904713
25828
105373020
80020
7368
105374549
286183
124901952
105379535
105379533
4586
1837
107985714
106635523
23154
79932
339488
105378645
124900272
107984035
440295
128966709
102724034
102723840
105377186

105371746
1992
100616285
64902
101928957
109616979
100874251
105369559
51762
101928972
54147
105372770
25909
3109
645520
124903452
100132273
1565
4758
105370766
100616293
5927
105369594
105373292
107984257
107986065
105376744
6398
105371656
728343
101929215
284422
105372246
3812
105379062
613209
613210
9781
386597
84914
124904782
150759
54102
5364
51372
84126
111822955
79714
472
4863
105369378
105369377
79168
107987463
10990
3122
127540
402779
401397
124903380
123099
246744
64757
105378099

124900522
25840
613227
51588
105374384
107985828
124902255
105377162
406950
406948
8439
124902083
80019
64210
26548
339400
124904478
1041
161823
9836
27109
79944
57700
124902508
5738
105375706
1591
105372675
102546294
100616347
124905369
200958
28781
102724999
221786
105377255
107985714
55268
102724036
124902192
105373940
54072
105379199
388561
387893
107986271
124901044
102466658
3866
3880
147093
1401
105374821
124901577
105378072
64772
1103
6572
122455338
105375514
34
204962
100189387
54785
124903913

51111
107984733
406909
644246
158431
158314
124902345
4696
126014
157378
797
402569
124902704
220064
105377853
401471
124901159
101409253
128966724
378884
100874047
105372916
2572
105378499
143379
107985325
124900794
54726
730249
60495
100996338
79191
124902233
124902236
6988
387
275
84276
403284
105372255
4353
3163
57407
105369143
284004
79701
100505970
124904091
91319
66035
124900996
89782
84223
128637
51295
1264
3362
5243
112268078
2186
104266963
100847014
123811
105370362
283486
105370363
400073
105373716
100422878
116449
102723525
93099
374897
100128325
105377328
105376463

105374666
6188
6079
114599
55889
100874147
105370167
3123
8976
23553
57482
124900271
105379393
7994
105371745
256957
81282
79324
80194
9049
4232
317751
442904
100505938
3382
124906362
57337
113219452
6737
27232
10439
105377642
9209
27299
129804
100422929
105373424
414768
105375021
100506730
54896
8574
105378761
107985379
408050
7148
102465537
3106
130399
54541
124902449
386724
29925
1387
109623469
114790
152189
100874084
124906298
101928604
5950
5146
100874249
160518
101926893
124901162
158435
100287366
3117
106480429
11173
105375322
728927
642475
93100
84948
105376197
105374371
169522
124904876

10793
107986943
2831
105374568
131583
124909474
124904602
392309
342918
102466518
10051
57560
2002
100133957
8409
5082
100189136
100189388
100189281
4992
100189296
100189062
100189020
124901591
392636
1592
107985669
124903255
100422870
100874276
79641
105379203
124903090
100289462
105369668
124903490
414768
105375021
105373394
100505964
100189180
140701
7165
112268269
339535
114791
105377850
105370178
220963
124909484
6405
100129060
124904602
10884
100506674
115294
105376127
100131980
124540
101927510
107985675
8228
105374866
54900
310
107985865
26010
6548
102723760
102723165
105373080
109729133
124900539
124901955

23511
22845
124901909
105379327
105375273
146822
6222
6293
8705
344595
100302640
100313892
79137
27013
124904558
101929111
135114
6422
390792
124902342
124901201
256987
150274
9620
105373075
23151
6768
84072
256051
57541
155054
107986856
105370603
146336
390664
102723839
27324
124901092
387914
107984009
101926940
80745
100507412
124905183
105370088
4326
9086
105374243
546
107986514
79363
107985815
3705
150684
10575
124909436
105373080
105373081
2224
5313
23623
284618
23547
100189234
100189111
107985244
10658
4722
55709
399888
10885
54834
124909345
105376951
1378
105375409
10622
153364
105373854
6097
100132111
100191040
284486
107986222
102723828
23641
64320

124900230
124900234
3811
3805
767606
767608
767609
767610
767611
767612
124903422
124903421
124903407
124902387
124902386
1804
55014
441461
2145
10266
100190938
124903483
10051
57560
406949
406951
55655
199713
124906189
138804
138803
124902195
105379771
4897
107987103
100302217
64431
128864
170487
348645
124905145
100873989
129446
118425
55705
100873949
114769
107984381
102725079
282616
100302526
105371459
100500865
6584
553103
124901112
91975
440295
3429
29113
170679
5537
105376528
105377300
4835
124901377
27
286178
124902180
652968
29127

81926
105369335
10917
101929258
102465683
102724507
105372753
10276
101929231
27249
124900309
107985779
414764
105370473
84075
23228
105376972
643862
105372453
51290
101055625
101928957
101928985
10952
85365
124902230
390155
219469
254879
402573
122198330
81628
222950
107985189
255919
107987031
124902932
466
105372212
400661
101929163
124902261
112268330
105379023
100131094
101927367
124904034
107987079
105379066
902
9369
124907891
100874296
3756
441374
105371970
356
167465
124906160
100996571
105372383
1471
4588
124902605
101927503
105370290
55718
100189291
105370311

55160
55027
110806299
124903494
105374769
100616265
102465833
100189202
100189234
100189111
124909343
84250
285600
124359
287
220047
54843
26524
105370104
339975
107986383
124903239
3812
105370953
105371392
107984819
105374113
100130701
116064
129138
145438
163590
54475
146862
101927145
100302160
5985
80316
124903539
140731
25777
105374673
646241
84501
124903760
387742
100132464
100505570
124905370
440023
57190
493900
56674
2939
100313778
7108
741
740
2197
102465449
105372332
163782
105372362
105370044
27292
51194
106635548
124900832
285676
105371648
3990
6041
6004
124902203
124902202
124907861
100507203

10238
3809
3812
101929473
80219
23563
79583
115399
6050
182
4105
124905610
105378532
105376135
105373504
107985443
7153
2054
124903053
101927406
140464
102606465
51611
100287482
253264
100129083
89790
400128
5504
9557
107985806
101927053
2322
105373143
124904539
7772
105372042
107986833
114761
124903501
100874117
10786
9016
105375074
105373080
25796
100507551
199786
101927967
114991
101927701
3911
105372708
6227
102725019
3118
10634
10633
124902661
6745
124901378
91749
107986521

55079
105377647
107986523
101928392
124900783
6134
26778
124905228
6901
1774
1829
4771
1491
105375009
100616340
124904946
118813
105378436
124904305
11062
115253422
10466
55973
80775
399715
100500854
406893
7709
124903207
23
100126314
4776
124903291
105373870
54532
101929762
124903596
2990
105378443
56889
103504733
106631777
113218488
106631781
106632260
106632264
23067
392862
4291
100996447
55706
105377816
124907997
101060226
84187
107986448
56658
414778
414777
202658
79897
102724847
102466745
55937
7917
124904137
124904138
124904139
124904140
124904146
693177
7866
8372
24142
3373
1653
124905975

124903568
124901393
124900209
124904552
101929111
124904864
105373911
5230
124903357
25789
55295
105373122
101927832
344838
124900364
53944
102724096
150759
434
100874251
105369559
100507195
124901496
3075
10384
11120
100874275
85442
342926
317701
105376114
29979
121551
124903026
107986634
101930100
8530
27345
51629
2896
102060414
127062
101927406
124905419
9706
23788
2783
84692
101929579
401247
4902
2528
124903739
100847043
124905517
124905515
105370715

388403
255239
124903290
317749
105376413
100302740
1491
4061
100133669
124902034
578
105377935
9841
100505658
124903146
105378404
104355137
84229
6838
6130
26820
26814
6837
26815
26813
6835
6799
107984835
107986275
102724776
101927213
23258
100189370
102724754
102464836
6307
51233
124905089
100616405
124904512
100189237
100189121
729583
100189216
100189202
100189234
605
100506691
27177
26525
84639
8576
79411
80086
7277
102724197
23191
105378330
105379597
124900200
105376218
124904039
4591
641384
100302161
124904787
7554
108903150
100847035
100129203
143686
80174
105374803
105374802
105375237
100130111
166336
642273
101927062
54797
4607
6990
124903514
2110
201725
124904670
105372323
105370525
107985704
91748
124903424
100507747
124902579
55308
100506083
4507
50619

124905334
10161
57645
140731
253017
105370019
101928398
677773
51341
102723803
124905273
3802
101928804
112267901
105377342
10098
7082
100128531
400866
107985480
105370617
1112
105370616
54491
124900748
124900747
79807
57117
124902723
102465906
642658
93653
124902770
107984398
105369520
124900303
2961
109623455
4099
101929179
2298
1558
105372762
54799
105376005
6446
79962
65244
114904
283446
121643
4677
100505549
59351
124903105
266655
100130548
646951
105371159
10979
105376314
105376313
124902302
102467213
105372727
4661
124902486
144097
754

54857
105373244
105371241
340895
2738
124904591
124900480
124904614
4674
171023
105373518
442184
79042
79143
6203
124905652
124905651
123745
54797
6446
55813
124902273
124902274
100506834
2619
107984462
107984585
9313
101928477
27319
124900252
401463
105374247
56922
102724102
124901150
107987138
5089
63940
4855
105375482
107986046
105374600
102465135
646600
9156
9990
256646
55505
9710
2821
124904450
105370119
389072
124902046
124900439
442194
26716
26531
105379641
102724078
100507642
102723672
993
100616407
101929191
124901887

26779
107985694
124902553
10351
124906163
553128
3803
124903108
342850
10344
6369
105374200
105373006
102465440
100873952
100873923
81888
105375693
10842
101929826
109729132
124903288
55017
22985
29935
105376620
148231
105372292
7171
105369958
107986053
730130
100996490
79665
107983990
27336
102724406
105376691
124909383
105375976
11064
727
975
105376520
101927682
105374669
124906301
1198
102723750
57110
84789
105374280
144486
51134
102724960
79974
105373320
100874530
27350
140564
26281
286097
7204
5360
5884
102157402
6880
57150
375519
105371970
29107
105372572
100505683
64412
124903729
100422882
406996
406977
100628315
199
7916
677820
102466745

105370325
101928881
90338
105379574
6063
401105
101927093
56852
105376242
105377998
9976
54857
105373244
1741
124906378
5158
124903907
124903908
93107
105369865
4659
107984933
135228
101928489
55062
57600
101926903
124900654
124900655
124902772
105369526
984
728673
403323
55275
79850
124903893
105370286
90321
64859
124900605
101927566
100189288
493812
107986583
100189319
7231
401036
105378806
124903130
202051
124901082
2992
100310846
7766
23142
22904
101927573
3809
3811
501
51808
440107
124905441

400643
101927188
3118
222553
124901480
144347
56655
105374809
3805
3811
3809
50865
63928
124902619
391
6786
100616453
105376527
107984349
102546227
401613
100616486
104472519
84830
11317
8785
107985708
286430
120863
64167
102724719
55636
105376380
105378513
79892
79789
101929080
105370637
124903371
106635526
29057
389384
124901702
124900209
105379039
9600
10263
51475
124906166
124902379
105376426
54089
150135
1302
7922
6257
7923
407002
6015
157695
7726
107985934
94059
148170
124909461
347148
124903367
27039
101928005
84188
5265
9437
89777
100507266
124900165
53407
1351
55611
57157
85025
8763
107984794
402160
57732
124904371
80143
144360
9924
51561
79364
124903491
124903492
388121
124900777
79627

671
51533
8314
105376888
8289
101928728
124900417
147409
27123
124904905
105373377
6776
6777
105374634
100996511
157927
124902304
100129223
105373007
79155
102723763
105377356
124905244
105373601
285540
51091
105372829
1875
102723322
101927070
100302182
1589
3812
105375519
116442
94160
105374433
124904350
104797538
55784
105376234
101928775
58533
1390
8453
100128002
107161159
124903055
80219
105375161
105378144
80304
692086
92667
27131
112268130
1152
115708
124903532
105376513
442194
283383
100189149
100189137
9499
100124700
3226
100874365
406973
100874364
3225
8455
222658
222659

284998
283284
105379062
57610
105378208
105375693
23020
150771
23397
124905520
390538
4887
110806272
10950
65268
124907916
124906100
102724902
105370337
643677
93081
5265
767585
767588
767589
767590
767591
767592
767593
767594
767595
767596
767597
124903419
124903420
767598
767599
767600
767603
767604
767605
767606
441495
339505
4671
727924
105373421
9014
91754
105374126
10143
100847086
414235
124900286
124902361
284417
84787
55624
6457
100616350
5315
124902573
107984201
5290
100874161
105374693
105374694
124901104
157273
5657
1991
1675
100189170
100189042
100189066
100189293
8529
101928509
283847
105371356
391121
79012
102724510
105377512
100505636
124900193
5813
492311
107985710
342096

124903641
107984185
105369298
391712
124906030
107986601
132112
416
29
101927419
114799
105379370
105379371
105370986
442444
105376815
23054
100505663
121832802
4849
102723512
79370
3654
100313781
997
3004
105377096
124905114
105378400
105373812
105379252
55811
84817
122526780
9851
388327
51003
100616466
8553
100507582
54474
5613
84515
51605
124902618
124902619
391
84504
166815
105379439
124903001
7184
100500842
114327
124901331
163882
4818
105372446
3982
147646
105369601
654429
203068
9656
124904182
55001
163747
105379343
107984484
105372777
5737
83900
83901
85280
81870
105378255
102546228
102465251
9990
256646
55505
25782
6607
128966726
101929450
619351
401561
123258399
548644
124901712
8029
105374846
105370906
124923
100189144
105374821
105374970
102723530

55670
51741
105370607
115653
3804
105376624
100874037
1490
442186
683
57559
124902551
401992
105372169
105371910
105378863
6887
26012
84065
84958
105370502
124907851
989
101928545
81551
2185
23087
105373171
9583
124901165
105374618
105374589
100306951
51763
85508
55703
105373928
5920
105371770
91942
1161
124900710
2926
124900887
124901282
105378844
100302261
105372767
124902862
5763
3902
101928924
100506658
101930091
124906030
8434

84952
55135
7157
105374918
105373198
6997
339855
105373528
124901367
100507267
4101
389903
158511
1026
101154753
108783646
105379562
6360
6358
8987
11231
100419743
124905408
124905411
124905410
124905409
100288687
2591
107986239
79927
5729
124904198
7353
26511
170825
124900899
147407
100294145
124905389
124902621
338751
124902085
107985843
107984273
2674
221184
101928368
102724680
55117
80019
64210
80739
80740
23564
1192
100532732
4439
105375020
401247
219770
392399
105376318
166929
124901975
105370839
105378353
2018
196047
105369622
124902866
3601
18

2817
406941
100130449
101928646
112268261
110806278
101927988
163778
7507
11078
27177
26525
84639
80176
27319
124900252
401463
55258
728464
1052
79710
115830329
100423030
377007
105371682
124904853
107986629
387111
143384
107987151
3805
3811
100873919
101928887
102724863
107985977
105378400
102723340
3034
105369854
100132464
100505570
384
3449
3451
1135
2053
7388
10489
105371092
51693
107983950
2588
105371828
28232
105373499
3275
102466251
100847084
105370952
400643
101927188
27019
203259
146849
388333
124903918
105371530
105373928
79747
101928661
55109
57228
100616221
100616255

2814
116150
101927919
8036
92482
25875
105369688
255512
54472
105373651
205327
101927687
124904550
105377853
107985855
105377306
105379493
105378142
105378143
138307
389812
107987143
100616151
124904127
5087
1107
84316
2290
103695363
387978
10840
124909426
124903333
160335
104457406
693203
8825
768220
89839
102725021
112268273
124906158
51252
285500
255512
54472
4836
79877
105372897
441150
171558
10695
107080644
123706550
100189267
100189097
100189194
100189355
643
124902767
100616376
286148
105378478
63905
4137
124904813
94241
6514
105379117
3810
3806
146713
7840
105374804
107985167
124902773
220323
64963
26589
3813
124905484
105373641
124901484
124900478
100507605

7202
100189213
100189363
100189408
100189329
100189002
124901859
124901576
124902534
343068
101927410
55521
101929540
399744
124900822
55714
3082
104326051
9834
104472713
105378883
107984950
2627
100128893
101927221
50484
100288687
442194
26716
26531
22904
105376787
10316
80864
102466190
6048
102465500
10554
177
5089
101930434
124905372
4907
107985993
5925
100862704
339883
653149
124905418
84920
124900291
105372160
120787
160298
1262
84067
887
4113
107985632
4114
219621
8036
92482
27087
642489
286676
101927624
107984476
653075
105370747
1791
124909452
693180
283807
100130855
9213
124904205
79739
124900204
124901015
84654
26138
116254
148362
124901050
101928804
3802
100507336

100131496
654319
677796
677795
9238
10365
105374961
107986575
100133286
874
124902420
124903452
124904258
79574
105370047
105369785
105369784
105370913
22989
124900556
5128
6573
101928969
105373432
100500884
346171
107984892
642659
107985807
221937
57708
79819
105377229
124902542
390439
441495
7148
5713
6814
105376885
100500808
3925
105378602
124905430
124905431
124905432
124905434
124905435
100169751
100169753
100169754
100169755
100169756
100169757
58480
105377362
5310
100422836
103504726
100423006
9284
101927907
117584
107984207
107985945
124903997
84152
10948
124903998
283767
107984850
284593
101927647
5100
105372226
124901819
105375124
101927125
124905140
101954271
10025
152006
27202
54149
107986045
102578074
112267992

731157
1070
105376126
9761
105370029
353219
101928813
107985209
9181
6390
105373501
107987086
105370085
105370086
100996701
124903057
22806
124626
105378892
56900
677766
124902863
107984696
124900270
84618
124901096
27352
105374624
81570
139596
22
642426
549
55054
677775
339
136332
8908
101928036
105374108
27032
101927253
8714
100128714
124902448
5501
79600
1040
102723338
102723655
5585
10964
81849
124902390
51764
11098
105379101
642587
406988

124904265
7484
101929777
1440
101928128
730130
105375622
124901971
6307
60681
10609
94120
6993
105374172
3745
124903051
103021164
105376116
105370171
85452
27241
642366
7020
107986564
106660610
221718
100846998
124902839
124903348
283571
1743
107984193
105377198
101954272
388468
105379586
149013
79993
105373699
83858
100874291
79165
147798
5366
8551
8233
105374021
105379219
100500851
9928
5143
729966
29775

124903077
124903078
79038
7517
10200
26154
124903668
283888
622
101927560
101927587
107986855
113839523
400961
105375373
5407
100873969
107985675
8228
145946
728118
144501
1198
102723750
693149
131616
7047
57585
9742
90861
105372179
105369688
105370307
124900998
101927285
101927832
344838
275
84276
105374225
8323
105369147
109623480
100874263
107987038
26227
105378937
643664
124905490
5009
6103
93661
89869
124903315
3480
104472848
57146
3581
107987420
102724392
2160
107986396
80099
107986768
390054
100874096
105376431
23742
1408

133308
124904242
27071
105375781
100507249
112267952
100189024
100189254
414761
100189169
282890
124902310
100616242
3704
65992
25839
100113402
692214
84661
10165
124905385
100302132
375061
3156
107987009
9855
105373973
4671
102725168
11270
106478956
124903320
138804
138803
128031832
22998
5525
101929541
285419
102724971
390916
124904690
100302261
404550
105373796
84281
101926893
5757
100302285
122455340
84975
346171
113218500
140691
107986238
102723406

101928877
105374542
105375844
100189084
414760
107987402
100874167
55285
105375013
400713
124902304
105378032
105371564
10743
107985238
149837
101929207
3014
9854
1798
25988
84514
101929128
102465471
6182
1468
124900624
101929756
105375113
400566
101929224
83479
101929163
105375906
128966714
100130386
105377805
348013
650669
57475
161145
574538
285286
79729
100652865
124909411
693153
124902924
124902925
107984466
105377018
259292
105375594
285492

9896
221264
2832
100505498
102466518
10221
124902543
105372651
2786
27130
23071
105376078
107984961
8449
9173
124900829
124900830
90233
105369956
107987280
100505576
399744
105374934
388882
124905361
285381
100616132
84299
2886
105371796
124902300
414316
105376585
124900909
105371452
124905072
105373830
101927109
105375676
124901696
124902963
124902964
124903200
339622
124901622

55283
63920
9496
124904042
4620
59349
100128882
79814
124903854
26286
101927393
100130855
205860
107986337
339976
100847045
55761
693202
124902698
107984622
340184
84898
124902388
107987087
7424
114876
252969
606553
102465249
92797
26149
102466251
3038
102466815
8986
55655
124902952
144577
105375116
105375115
23194
5467
124903621
25823
64499
646658
100616211
122961
10577
100129066
124901149
107986494
121233923
124902455
9747
105370231
105374003
56061
124454
124900970
30968
80256
3656
124903584
3087

199899
27022
100996301
102464823
124904741
105372841
1291
29896
100093630
677809
124900766
102723576
100873995
124901820
57761
124907852
55037
25885
692225
105376365
132864
441009
91272
123803
105378356
105370972
1839
101927230
100302142
105373754
105375952
101928177
105372625
105373153
106144599
100996702
5345
5176
100129269
107985184
5025
100507062
124904568
124901973
6199
5790
57175
57010
390212
105372085
109623481
124900486
100169851
79847
124902493
219736
4621
124902328
4179
107984684
2173
124904298
101929700
79170
80279
4693
102724481
105378780
105370088
4326
124901844
157697
9228
401442
124902044
4826
107984954
27019
203259
55245
554250
124902117
23081
105374541
390275

50863
114990
107985504
101928311
84124
124908001
112885
6624
107985320
374875
125988
25873
124902722
646029
1565
105377203
105376752
102466259
148003
405753
50506
53905
90527
860
3845
120824
145748
124901988
124903917
124902289
83543
2570
349075
1434
102723483
440804
124900483
124905172
107986993
105374936
27430
102465880
105376466
399909
4296
164091
140873
51614
124904202
27285
54936
124903021
100500889
2171
103344929
3047
3048
10964
391004
645425
2840
105378353
1768
8802
105373592
8502
130940
124907900
392197
377630
9823
2204
9437
105379157
102724470
107987262
2004

4705
100996294
105372979
102724900
100289470
80298
5205
105370021
2171
57678
124906268
4692
8853
100189334
101928924
100506658
105373717
124902966
101926896
105372896
105377412
102466875
3833
105372379
105378372
100507240
23078
105379203
105377993
79873
55188
100287944
101928228
102723533
28966
105379154
1674
10290
1633
1026
101154753
108783646
401258
79722
100506753
51582
693137
101929248
57332
124904071
105373262
200159
100616127
55486
386724
29925
101928388
30844
9229
400644
5800
4173
5591
124904528
83881
105374094
101927123
51126
105373915
105370449
107985847
66002
107986445
100505841
51072

105375386
105374117
105370811
9358
651
219731
105369896
100189179
100189250
105370444
105374658
3732
124904648
23309
6649
100132476
1906
100500891
2744
124906110
102465485
105369859
1950
55647
3316
100528019
91894
1410
85458
4281
124901283
101928663
8085
124900509
124909465
124905368
7389
79654
100873941
79841
6580
124901452
55668
26775
6156
124903280
7207
7217
7218
7237
151888
105377420
112268461
105374357
102723368
157753
5599
100189030
107984619
144568

107984801
407006
407007
285268
101926975
124900737
124903448
107985451
105370481
105377922
105370271
107987420
102724392
55814
102465871
392433
201243
107983988
284114
2256
1140
55897
145873
112268148
2872
105374453
100271832
101060233
3611
23378
6881
1200
7486
29942
440519
101927272
105379325
51727
105375647
6185
140699
406993
3776
124905158
105372999
105377244
124902461
9440
642757
101928601
100874048
200424
152831
59350
100189306
2593
26528
219437
219438
26338
2775
283856
26077
338879
100507043
3107
100506406
133690
7373
105372745
105372746
100423017
100130086
105374220
54474
50649
219958
219959
105376806
105370563
79752

105376528
9325
9768
124901636
4338
283483
107984568
101928443
105369371
100009613
6832
64770
85002
105378892
56900
677766
107985312
100874161
107985943
105376926
124909358
124906377
54482
163786
6891
100507463
5696
124900938
5122
102465459
7173
339896
124902778
124900678
2277
107985972
10513
79825
143282
7809
60401
114793
400823
10199
84693
51234
124903461
124902587
100616128
100616192
105369228
124905599
105375457
128031837
105376924
54729
105378447
6429
10627
8736
103910
104968399

54346
200010
105372759
105379167
105379168
80868
3105
124901298
105377698
112398
105378748
55283
126820
105374297
54510
105377443
124902584
5500
112267877
4600
10084
10245
124905313
100288966
103171574
643707
100500831
105377167
2961
123706544
442191
102724034
101929826
105371215
677769
103091864
10449
105374436
83417
105374262
105377217
401629
105378323
54958
199675
126003
84946
105377782
107984198
107984484
23303
100874023
8546
105377688
105373921
100507163
107985832
124907919
102723870
8449
79024
105379267
3360
85456
124902831
5024
6749
3654
100313781
105374441
124904308

101927934
23338
124901070
105369878
64065
124900502
105377801
503614
105377285
54785
124903913
9212
166929
105377123
124901911
494143
644285
9810
90835
163223
124903298
221504
112390310
57835
124900358
89832
727909
105373977
5133
285093
9001
100302196
102466749
29894
55630
107985944
83607
7753
124902333
105375144
10479
93380
107985858
124904045
107986426
9456
124907862
128462377
105376166
100616178
729262
51016
102465801
55072
5721
10379
9985
107984701
5968
5967
105378021
105376681
3889
100874172
340273
644997
340980
105379025
10951
29916
100189197
84061
1349
538
388630
105378949
2782
4277
102725068
1475

107984911
105376686
1810
100131564
100652865
220108
101926977
25962
112268044
283189
57654
439916
124902809
105375008
124905379
116511
124901486
105375009
105378256
5121
79843
54836
100144602
2044
3195
100038246
4076
101929918
124902660
729307
105377441
81887
400643
124904343
105371757
124901451
100289137
100505985
101930748
100874102
30818
51206
144501
283404
25859
107984641
107986095
3812
124902348
81626
57862
1833
115362
124904895
105373335
84168

105374409
124900694
65123
124904820
124907869
65264
105371814
56241
730112
54814
6633
118421
101929983
9747
102465533
102465473
2962
55937
7917
57827
1460
7918
58496
100616328
1062
2968
57176
105370612
124904882
30813
219484
124900712
124903540
105374136
55286
124903467
105377480
219469
7008
100996598
101926904
124904781
162972
104266956
105378889
124904247
101927487
256691
105372087
11061
57505
4842
105377750
54540
406890
80335
132158
107986086
100874110
406925
25981
105375322
728927
340273
124901879
124903577
101929517
124902790
102724734
107985442
201633
124909411
51260
4316
3135
54106
102465443
1999
102723465
84343
105371481
100422835
124906330
11027
11024
100874074
101929006

105373908
344752
101928142
100422903
105376291
102724653
124904260
107986782
105372202
105373282
107984530
105374206
1768
8802
10418
124902637
105373665
105373666
100616397
102723596
100996432
8214
124900259
124901866
23765
78986
7633
124901909
105379327
5741
646000
124904469
79258
124902425
100505501
9760
26118
100616277
283731
107984684
100128292
4745
100500829
100616456
102724754
2961
124906086
2591
112268261
105377982
7559
729747
124902862
51097
124902112
105374615
105377949
375190
51639
124902747
54734

202052
124905454
105369592
102723910
101928368
105373271
124901939
5316
107984877
9871
3805
105376654
105376350
105376351
107983989
107985824
101927142
134430
6222
6293
8705
105378017
124903868
26707
221091
2785
26580
51011
124900225
6421
124904811
93190
105369532
105371460
646268
2253
10360
105375487
124900519
124901996
100505811
63929
6767
150353
3805
124907755
23150
124902932
100874070
23016
51304
124900609
105377556
6367
400931
112268288
100500828
7127
105370683
157807
105375303
1652
105372959
25774
115827
27163
105379385
105372379
9705
84081
494335
100423003
124903861
11240
105376808

83866
100616309
107985434
105369621
102723859
102723851
963
124905261
124905260
717
55577
56122
105376751
116369
1432
100874120
124491
105377507
124904492
553
60412
84062
124903685
101928942
10763
54715
443
102465871
102466889
51156
103191607
107984131
90488
102724301
5818
3995
100874194
57688
105378994
64792
102725238
284119
105373715
196264
4340
124902701
219931
100422846
3809
134111
105374639
57511
100422940
155038
92999
101928323
124905271
390063
8539
100506475
3442
55689
442194

6908
5689
105377103
121832802
4849
55752
105377294
693170
107985856
26716
26531
105375008
124905400
8563
101927948
100141515
79144
102723814
6555
124908053
57057
105377162
107986003
55273
30837
107984260
91875
219429
101928004
4140
105378314
729558
10586
124901130
124905469
389831
105377659
100506462
55858
102724488
124901352
100506858
114803
112268263
124900441
6518
4585
105373186
124903072
102724433
107985236
124904468
8312
105375370
9377
54913
105369576
23400
124905046
100862692
105376370
729609
256643
101927629
105372686
105372432
587
105376963
283927
102465519
107986171
107984089
1474
117144
101927506
105375914
3574
7173
4049
100287329
7124
101928416
50614
101928923
105378071
342184
124902308

124905271
2273
100129792
105371064
5493
124902806
100996249
101928012
105374821
105378949
2782
124905447
343263
105370655
100126341
389273
79729
55194
6688
100216546
107985929
285000
773
101928971
57185
90529
339505
101927243
54103
124906265
279
51188
101928233
101928449
128462380
404266
3213
3215
3216
9267
4724
112488742
124904735
93233
2014
27283
105378933
9698
101929111
1298
8395
124906298
5519
105372988
84734
3932
54982
54329
107986837
124904557

124902136
124900800
146439
64386
100507419
124900372
9235
100129697
107984871
102466730
105377380
105377543
124905633
124905618
105370438
2856
353324
1379
124900623
344022
10322
124905179
112268012
101928887
401137
101929255
101928284
105370148
10808
145173
105372189
112441433
406906
105369911
105369714
10116
1007
107986627
124901564
116485202
124901290
2935
3109
3108
124901101
105372668
401666
401667
119682
5083
105370455
105374822
22846
105375450
51384
438
105377560
102724094
140453
124904624
196913
79609
102724219
105371018
124903562
107986607
124907869
23555
166752
105378379
8547
388611
2827

26960
124903231
2733
3804
124904315
4715
83940
128387
25936
105376232
163131
9724
7187
101928989
219293
100616186
29113
170679
343068
353513
10690
107986626
55038
124903398
51479
124903623
124903621
124902543
105371623
23001
102724150
28973
5514
79969
653192
84925
79663
203429
63947
109729180
692210
255626
221613
6295
107986868
124900256
101929596
112267936
27005
5498
8703
653808
124903675
105371167
3835
166863
105377500
102465975
10252
644
105374505
29927
102723759
79772
54521
146513
101154687
2563
105378589
388255
107985996
353238
55683
90342
64318
26038
92292
219970
10540
3798
4335
56997
84986
100533184

51022
6720
118812
55361
441317
128966725
102465530
440288
84993
134265
100169751
638
56181
646471
124901535
105375028
124901540
101929243
64771
124902609
387742
105373519
81567
221395
124905345
374819
170685
890
28234
115072896
169436
6836
124904996
431704
55190
102723426
119016
81577
105377939
105377940
60526
107985684
55591
55785
105376195
677767
151477
105376787
10316
101929579
1880
100616140
51312
3149
105370669
8788
7148
7984
124905440

102723506
124904350
79029
2628
57449
107985074
124599
10871
100874222
105375371
100126304
100126341
100500918
100124534
3376
57415
100506994
984
441525
55900
284402
124905570
124905565
79868
105375760
114
5345
5176
3809
3811
283742
105379404
928
112267984
105378557
100302182
100189299
114821
105370202
100129597
116028
64208
107986068
222611
10013
3266
23654
105373096
391195
352961
105373635
124903082
100189063
107984089
105373430
100422996
105373288
105373287
23417
55
284385
93134
107986272
83604
391722

100189097
100189194
100189355
100189432
11153
124904506
105372907
3645
105374493
101928530
55743
124903065
6477
124903218
2814
677784
54550
10635
57102
2250
91419
105378676
124904157
163732
105375566
55365
28959
124901775
26
124900708
128966704
1633
105374513
401548
25950
101928118
100423004
9842
107986660
84553
124904248
102724470
5121
124904829
101928445
124900971
373509
349408
26147
10620
124903528
101928076
4326
5218
124901839
107986979
148203
100616476
91624
374987
124904254
105377253
441543
102725532
101927947
106029310
2176

105376246
127829
102724737
100616369
353514
124901692
79689
107986815
102724572
11120
124909429
285224
124901225
3159
54827
2921
100286906
10446
107984158
55657
144363
55259
105377604
105370466
105373239
84173
54884
84868
23637
57684
105379839
144321
84698
2734
102723740
401251
104413891
80737
55735
105379027
107986669
285800
51185
102060414
629
6499
7936
8859
1797
9271
101927786
10740
29959
200634
105370589
693170
124900763
124903267
390792
105374610
10422
105371342
124901485
109729173
100130275
442184
442185
83888
10857
85415
55094

105377610
107986747
105375473
107985648
389289
100422854
79948
566
1236
718
107984521
105370271
100189144
100189413
100189357
105377458
105377459
197342
4832
65993
10101
90864
3483
105373953
107987155
1584
100302150
107987405
153768
124902448
9806
105370244
124906368
105375342
55670
9500
23315
164832
102465842
93655
10694
56911
1113
8729
5309
101928663
10762
100506714
107986652
54815
124904656
4049
100287329
7124
4050
9883
124901198
124904263
8560
146909
10882
2202
105374690
107984957
109616978
105378973
23517
105376070
2850
254531
2911
105379203
107985880

124902796
55466
105370911
105370910
80352
56606
285955
55352
2572
6401
100313835
54435
57599
11280
79071
105375493
101927405
23063
105378408
5196
5473
124900715
84904
768
7169
124900750
641700
111064649
102723817
170261
101928287
105379062
105378450
375287
100126323
123811
124902917
105372562
105372563
3394
102466732
128876
105375297
105375298
105375118
124961
105369806
105378839
170685
124903452
101929386
23435
115795
55845
5283
344905
105371853
692247
8045
256329
406992
100506211
124902805
57661
143666
148003
115653
124904466
100616248
26019
105376416
9631
55100
9989

30010
201299
57151
647979
286527
100128594
105369948
113218493
105371830
5875
51239
124908044
54910
124900935
6403
53344
6372
101927889
124902515
100874003
107984193
3998
101929335
105371841
54903
253559
105377982
30062
105377458
2205
81614
113419
105374796
6324
105373432
105369473
64711
124903625
124904208
23576
3491
196513
107984540
4009
84823
101928602
4616
8195
128706666
128706665
90865
728218
7166
124901206
124909419

100996876
107986440
100652853
2241
23774
105377205
105373091
124905398
57325
100303755
124901019
124904583
100422835
8732
105376166
3074
8507
124905518
107985433
105372586
124904443
100189373
105373343
101929124
100128139
105376917
105374528
5931
102723971
105371552
109616988
101928923
105378071
2770
22887
23039
23548
124901277
124900396
124903916
146852
255520
105373525
105373524
220042
5547
124902602
107985992
653220
100500894
124905238
1388
63943
124907773
23101
107987102
124903973
102724625
105378078
124903248
105371721
6925
6121
105375638
729870
124902137
101929645
26128

101929181
124900176
105378399
101060385
105375518
105375517
101929129
124903518
644591
105371125
400508
441457
158431
124904203
81696
984
105375322
728927
107985124
105371471
81607
126823
105374142
101929828
101929823
653486
124900562
145407
124857
100144602
2044
107984400
23190
107985946
101927543
101954266
7214
124904231
55629
100616456
100874201
8702
105375378
100129636
105375002
26692
338949
105378147
100132247
105374071
89795
107985755
105376642
100507205
105371321
339505
101927552
80318
100874321
124903221
124901743
693178
105378773
148581
105378549
950
101060321
124905373
124900748
124900747
79807
57117

113218490
105374664
101928132
4598
326625
100847034
102466866
7173
102466759
107985168
105371653
2965
11234
9435
51534
4829
124903595
339105
79001
124903680
10295
84148
440970
105377192
221955
107986147
107984649
105379122
894
103752584
100132565
90293
124900192
105375158
100505475
105372699
51114
124904358
3848
1827
414243
84888
124902480
124905095
105373006
124905146
677801
54147
105372770
345193
116092
140686
58494
124905001
107984878
107984965
145814
104564224
27190
728264
107986391

124904758
100271846
56947
654841
105377516
64359
100874291
112577516
51361
105378758
105373703
2120
220382
80108
101805488
728340
51299
138199
105378882
100271873
105373294
105371825
124901316
100507244
55225
107985462
105372937
105377436
100500918
100124534
3376
124904358
80256
51528
124903326
105374289
122394732
124902200
105373835
4999
105376806
54808
100302257
497661
100124516
5902
102465490
27037
109617010
29801
100507435
9228
55090
105370986
105370217
23011
105374862
124901389
105370091
100616398
127018
643723

693155
440993
105373448
100506776
124901609
124902712
89970
80011
6691
101929153
338599
80321
55179
107984467
6328
9654
124907983
101929151
972
28227
124901300
105379656
101929072
100507436
654321
6082
25826
4691
100422909
130399
10553
10196
100616248
100189245
613212
105379164
219578
57151
127124
100126326
8883
766
100422966
105374614
102800316
420
124903237
221122
105376649
6477
124902074
107986230
105374406
5976
30010
101929769
100533952
57786
107985695
124905186
105375478
124901737
124904677
124901712
124901714
124901720
730159
105371619
124907735
100422862
9071
55332

124904012
83931
124903064
100289635
641364
10665
414764
4773
5076
107985279
79168
107987463
347688
124900603
105372292
7171
144124
341276
5634
6183
54938
105375683
51366
112574
23542
105379155
4781
105370479
105371446
124900435
116435283
105378020
10623
27246
124901961
124905544
124905545
124902892
102725231
124901153
101927728
105371847
112399
105370446
1399
105369672
3134
152006
5933
124902451
105378209
6578
105375059
100507384
124902667
101927413
101928419
284369
101927074
124900696
401992
105373428
441250
963
124905170
9609
339298
107986382
118424
6339
55898
374659
440956
107986978
105374425
8929
91754
1192
100532732
4439
401251
991
105378687
102466723
112268225
64834
163782

124903713
10413
105373000
102467213
101928142
100131827
55255
101927866
107986487
101928804
124902802
101928008
105377867
124902283
100506190
124900275
5599
647070
100287144
100287178
100287205
105377362
100126355
105374682
693210
6192
101929422
124903386
51246
102724076
285596
101928776
339290
147525
81029
152006
79071
100132078
105375317
442319
317671
124901270
7913
100422871
151354
221357
57482
105375401
7980
2792
105370407
105376872
105376466
338872
57447
643382

101929204
84527
100529215
124901402
105378580
100288069
124900794
54726
105377465
107984554
339807
105374773
105374775
105376209
124904670
105372323
101929007
124904270
285382
339926
5031
124901898
107986085
1795
100616138
102725022
107984092
5269
64215
200765
100847037
124901173
105373559
107985147
107985213
85289
84616
85290
105375206
105375207
100616227
65110
105370384
124903222
4957
107080620
29937
105372906
1508
105375694
124900363
124903833
57348
79648
100287015
9721
124906104
124901306
122011
402573
122198330
81628
222950
105378792
80745
107986886
6623
79812
101928692
158880
51444
124904278
124904366
124900630
84648
353144
126695
26664
26659
390892
54627
101927711
23118

124907852
55037
25885
7633
55250
25800
101927698
1824
6904
4481
2069
284546
124901944
340357
84085
101930114
80342
100288695
101515984
54862
79173
102465537
3106
348808
27031
100532724
5332
25998
3884
3885
54617
27255
3991
284340
100616196
105377448
25819
10430
100506469
79718
64601
64773
123355
64927
105373501
253018
94025
140738
107984184
100507210
105374117
2266
124900169
644660
5885
100500914
4582
105371450
693235
55841
105379034
441369
124902094

6507
124904241
105369395
2537
199870
442194
26716
9806
100133612
339448
109623455
6447
124901471
9907
96764
137695
105373244
1741
100873930
100616261
27109
79944
105374432
105374433
124900829
124900830
101929163
112268055
105376834
105370969
100616469
85377
146
2204
112268077
6296
105377328
374378
124901687
1089
105377218
124905302
59286
5300
100996288
124905135
100271722
150381
55267
642648
79718
104326190
100874308
105375012
201266
4277
102725068
124904654
54858

692200
4671
102723330
11093
693233
79598
124905557
101928979
105379329
8501
79827
105369540
105369539
346171
101927413
538
101928035
101927857
100302208
101928991
124902537
10181
100775107
54878
3135
83853
100505845
124904787
7554
108903150
101927482
105375462
23180
124904109
124903463
950
105379137
4207
729991
126382
1463
2158
387715
5654
105378525
23420
148268
148266
102724261
3764
341392
284593
102725541
63967
6606
107986373
105370982
124904930
105372663
101929297
107986668
9421
101928591
105376421
222389
474170
9894
6348
6351
101929770
124901325
677816
100313838
100302144
100302251

401093
112267952
23157
107986946
9590
200959
102724339
79716
124904942
105375974
23437
100189247
100189292
23540
124901742
28451
104548971
113218481
105377229
101928894
100132735
101929077
107985253
947
104564225
100126336
102466190
6048
102465500
10554
177
5089
63940
126668
126669
105372678
105377164
414764
122526776
604
105375149
389763
7542
113130
100130348
738
124903777
1006
124904955
1917
105372725
79144
102723814
3764
285097
2783
64599
149773
164284
166793
55646
124901625
730234
51289
105375193
124904436
93183
8764
115110
51083
107984343
101928578
57826
101929769
375387
10093
100526693
10474
26140
23418
360023
102723413
113219464
124900859
101927305
123811
390058
100189178
100189365
100189332
100189082
105376984
105371090
25847
107986629
387111
107987051
100874128

105378573
8433
27287
105370292
6710
105374798
284099
124902082
124901069
105378004
2037
148545
100506606
8815
84285
1474
30834
55151
107987107
284415
105373465
5693
122706
105375377
143282
9044
5753
6725
79025
105370324
619207
5673
109729166
102724579
140680
55823
2566
100652856
747
56658
414778
414777
202658
79897
23164
124903938
124903984
813
105372767
124905065
193629
80714
124906076
338799
101928163
1870
105376004
25886
105370002
105370563
124900527
107984476
146862
105373762
151475
10750
10665

4208
107986061
105372671
255403
124900641
56977
102724945
6453
9946
102466196
57628
100419780
64411
105377845
107986610
57217
105377797
286046
2889
2931
105378027
64063
101929566
105373331
645676
55154
100506797
30834
105377992
102724684
10556
2786
201176
2843
101928037
727910
407004
124997
84981
105374470
163702
105374641
100422999
4671
124904815
64409
833
124901078
100874130
340811
124901083
7322
101927864
101928248
100507163
80731
113218491
100996294

100506258
283298
167465
105377018
59285
124901168
111082988
653073
105377285
5470
102724577
6941
54535
5460
116511
124901486
105375009
101927089
105369964
105377699
124904874
54842
79726
84937
100616302
149647
5979
339400
2312
26578
54981
129807
152831
100847065
22807
101928924
105373142
8460
50604
124902628
23075
105376923
11059
101929006
442191
105375962
4793
22933
107984207
124900667
6138
79091
10246
10475
100048912
124902130
1029
1030
124901916
101928682
25764
619189
9253
105375767
105377101
5343
9208

222545
124900731
105377326
255025
5456
107985635
6581
101927455
105375127
5825
105374498
105377616
111082993
158747
2187
137392
642924
124905594
107986722
107984703
8115
105370939
124901951
440073
105375370
54386
3735
105375038
5610
100616185
124904767
101929432
1472
105376626
105376627
107985221
124904442
4359
6391
408187
124902518
8139
834
114769
107984381
5305
100128176
124901424
10201
100289509
10724
8909
731779
113419
105374796
400867
105378184
1477
6790
57091
728084

100422829
100885777
107984574
101927814
51108
124900577
124902926
124903663
10261
105374260
100500854
406893
105369535
124905452
105372926
10584
4982
124904125
107985908
105374847
2968
57176
51267
105369655
64581
386676
353333
386678
105374149
105373519
200350
101927424
124908046
103344932
55620
50838
2081
105376843
692227
677842
3809
3811
375190
51639
9540
150763
105373494
124903393
145195
84000
693213
124904980
124902027
105373767
124900852
105377256
26191
440603
84292
4125
51398
105371570
105371569
6613
101101775
388335
338004
100847004
7316
100189232
100189343
100009606
107397391
114088
6363
6366
401994
105377693
6602
29935
22806
124626
126432
105374396
124902711
5870
107985920
100506123
101928737
23174
105371209
440686

100287520
105372637
101060004
105374918
124900218
105375295
390093
26496
390433
440738
105371830
9508
124904005
124900932
85409
8607
105373677
102724080
124904322
105379349
10562
7204
124904217
440051
51052
285704
503569
27345
105370466
6182
1468
23474
284346
105370821
55869
81890
1785
693223
5110
348995
157983
84958
221935
248
101928085
131831
124902125
5672
124903152
105370154
3732
104413890
10318
283767
101926964
105379623
107984673
105375411
349633
283140
22902
693187

105370985
114799
6632
85363
10346
124903341
407006
407007
124903829
23498
124903038
605
100189093
107985442
3098
55803
6222
6293
115653
100132285
29099
79899
376940
84679
683
285641
406890
101928280
124905100
140606
400799
57820
10038
85495
105370119
79334
105377164
100313895
341276
283297
101928440
26273
105376619
107987073
4682
124902371
9993
23617
112268297
10716
124902147
10497
105378095
101929163
153020
105372460
124902481
84333
781
101928804
7060
345778
56143
56142
56141
100507057

124903986
105370349
107985990
728660
124904907
107984245
124903395
101929084
6847
101929507
4160
107984867
2218
105376199
401105
105373051
340980
124905589
51061
283143
4133
101929163
104355135
102724120
81577
51128
11285
105376609
744
105369427
100996485
5307
101927953
7405
100506113
51286
101927423
79751
6181
23641
105377672
1211
9704
3134
285830
105379663
124907901
105374562
100616433
124902988
105373591
118670
342945
105372480
101928601
105378874
104355149
105371830
150147
124902232
55898
107986432
124904895
124906342
728911
101060211
124900437
7286
693139
105375539
100551499

219982
219983
390197
124909463
102723932
7091
105373459
780529
5457
11005
203274
100616194
124900481
64109
5520
112268342
107987478
124900603
124903025
124904189
105377881
105378577
195977
693198
102466251
10006
124902581
6231
124903052
401585
406906
100616357
124904701
100422991
84441
79833
105378255
340277
6843
9918
51258
5889
56155
645545
4558
4549
4577
4550
4567
4535
4565
4569
4536
4578
4512
4572
4555
4513
4553
4570
4511
4579
4566
4509
4508
4514
4574
4563
4537
4573
4539
4538
4564
4575
4568
4540
4519
4576
4541
4556
4571
3804
107984505
51474
124903881
25949
105372667
6257
7923
407002
6015
729384
399939
5269
401232

124906177
473
23190
107985946
124902073
57643
105377865
7694
10618
124903512
79594
163933
105371753
23281
81609
124904420
4163
6999
105370594
101928462
127062
124903482
124903939
112268206
56147
56146
105371777
3859
100507210
105374117
54953
7175
27042
105370833
102465993
7140
102724536
105376752
102465461
100288162
102466268
102724992
5310
100422836
124904595
105378884
124901742
54681
124909376
124906235
11180
101927499
124906289
10657
100616366
79785
102466227
9052
124903949
65108
3107
101929660
105374699
146395
100506100
84885
124902747
107986463
102723346
122319436
25979
126308
402569
84735

124904685
50859
124901880
124901752
64764
112268045
101928971
105369826
105370689
63946
147719
6223
56606
1747
105370956
124901832
100506384
107985653
27112
53353
114044
4047
343637
107986997
55670
105370372
105376982
6236
8824
51647
124902373
121725015
645369
90427
105371770
23527
105371113
10143
107984897
406992
100506211
124902805
57661
143666
3633
124904946
101928158
3911
23072
100127950
124900624
107985534
105370372
107984419
124902656

647264
102723968
105377815
55151
107985863
105371751
403257
4008
10866
105371485
105371486
146760
1801
124900829
124900830
102723555
100133091
124900673
254128
23332
100642175
101926941
81848
101928385
105374418
29952
124902353
2902
100507435
731779
79799
124904960
339593
724087
9767
105377604
107983963
100506272
105373715
64399
646576
107984409
3758
105371952
7298
494514
105378351
285194
79888
8697
56131
26167
10887
55824
104310351
390714
79661
693216
677772
11006
100500864
677816
100313838
645382
653619
10257
101929594
100873976
124900350
55577
55520
109623487
147923
10488
102466201
7094
8637
6272
389852
7569

105370406
7486
29942
162387
5718
109616972
107984182
693125
50865
101927827
51384
107984210
5229
105374002
131566
5783
5602
23143
55894
2121
132884
6583
107986836
245928
245927
8698
56926
124904712
1891
5794
124904771
8726
64600
117779438
105376441
124906363
94059
148170
105376083
148753
128071543
105371635
79363
10522
105376914
2852
100616291
105374832
5176
353324
124901340
100533177
6354
5563
101929935
105377462
100132247
105376806
4237
124904128
7204

100996246
105370091
124901345
107987014
100652730
140831
10005
23233
2560
2557
104797537
79949
100189359
7026
644192
100302258
101927263
124901291
100189164
105378247
105371845
105376137
124905237
105375539
57631
105374774
124902417
7093
135948
124905968
124903452
23263
2017
121233926
101928913
102724397
414764
56244
3122
53630
101926968
83656
124901680
5447
100616270
728957
145264
101927664
8674
9476
7376
5424
105371096
134285
124901001
105378470
105378469
107399303
3811
107985167
124902076
105372791
101928147
105372793
503582
105370988
2694
112267988
70
107984776

101928590
105378157
124902835
107985038
105376815
107985771
107985908
105374847
10099
83452
124900188
107984036
58512
100130889
253018
115727
6261
26974
1329
728537
10120
124900516
59307
105376506
124906263
400128
105377909
124901669
105372130
100750247
105370526
6617
83851
4810
57000
677833
101927021
90637
105378597
79258
54900
102724651
101928167
105370015
105370017
10811
54932
124904305
124902079
107984221
102465519
101929590
124903913
9212
100189047
100189092
100189433
54617
105373454
131450
29083
340074
378828
101927821
105377586
124903503
83660
5956
101927602
10948
124903998
105373262
124901420
105370287
130120
100500817
100533178
54862
79173
101928266
105373851
942
286676
109616980
105379391
55739
127138861
55279
100049716
693185
81571
7733

102724122
345651
5281
105374584
81328
55135
7157
1593
10592
101928550
94032
9718
105375843
2669
107987042
124903284
100616382
105376752
102466259
124905249
441501
105373432
100500884
105375156
5626
100506127
353144
102466250
102465855
112268146
59283
124901844
23641
102724406
101927180
102546226
729264
107984764
3809
105378455
105378456
107985253
947
124909393
100505817
102465437
105376878
101929478
124904359
107986675
100131532
2319
105375376
124902401
100500866
100506207
51000
140688
149950
105373239

105372903
23133
105372582
105372120
107984893
127700
64960
124901936
124904624
80333
124904190
124901249
10667
55076
105372281
83546
22983
102464834
145226
245913
124904235
1447
100132813
101930085
64224
100506725
55000
22880
124909462
441864
4696
126014
374654
5346
105377033
124904455
114786
4899
55083
124900400
106146148
107986163
64110
105374189
9986
78999
166012
284576
105371698
256297
100616371
80700
105375992
144132
124909436
105379544
399474
22820
124903026
100861412
5788
10798
124900948
124902314
29952
124902353
2902
84668
105375185
100616158
105374758
10793

105379252
953
26123
124904779
105379346
101928858
390261
105374553
100507391
80864
102466190
6048
102465500
10554
177
5089
84705
57719
3805
93377
105370406
10857
158248
138428
27433
22868
130752
100423002
100422993
406912
4023
8527
729177
100128822
7366
101927580
440563
105374998
9753
100313938
63036
105376767
51032
51741
139378
154743
105378336
255488
105370821
124904165
147700
64750
105373557
124906065
107984151
4144
100630918
107985880
124906004
101928559
22932
10430
100506469
495
124904704
100124536
8091
7702
644656
23446
112268038
124905010
54067
94104

1447
105377269
124903316
124907876
23648
105375545
835
107987051
6456
100616243
11096
100133461
100132273
105377356
105376232
105379574
6063
105370773
105373708
22949
124901636
100422887
101929380
9849
148003
124907892
339742
56849
100847077
100288842
134147
105374651
5583
574031
407049
406981
574032
574033
406899
124905221
26529
124904289
100874024
105376208
124902242
27121
100287114
474382
8263
100302111
102723944
107986555
124903278
81127
105375734
3804
124900389
339260
101928254
138639

124905214
84991
26511
8883
57508
100616380
105379814
100852408
105370785
105377581
22864
3626
4838
27143
392399
124903567
105375864
79722
83787
255025
9738
51573
80326
1302
105373600
8774
25906
2352
100422941
112267879
105370447
55837
112268123
105370449
1946
100507244
23066
107987140
161394
283578
9326
105371749
124901720
79364
10517
105377295
3812
3809
105373823
390437
10965
51802
100996665
80167
256471
105374052
105373021
10369
64699
53347
124903383
9706
677780
124902867
1108
107986907
105378715
84154
23594
55737
100132273
1565
107987464

3552
107985949
105377414
22824
105374353
6047
107986250
105374958
124904636
80824
107984486
124901177
100500917
339883
3680
100533183
144348
80212
124901474
124901475
63036
105376767
105372250
9501
124904983
25943
57696
4155
124900696
7507
50809
124901076
105378536
105370363
100422977
474384
83740
100507404
5145
1836
253017
114880
107984889
102723605
374955
55707
101929504
101928764
93129
9739
105376118
105371203
105376437
124903525
11124
1031
139378
122060
100500861
102724219
112694756
83723
64084
7206
7228
59344
7230
7208
7196
84667
100189037
100189438
102465532
5187
83850
101929512
1952
107984976
392197
377630
11104
124901017
1160
115795
55845
124906357
613211
105379245
105374732
124900964

105371909
124905310
114800
100129434
8323
105369147
109623480
23626
105372687
5545
57708
79819
105375517
64745
101928937
3148
8819
105377540
79075
55601
100422892
105371625
100189013
124903486
1854
55869
124904578
90273
101927931
3113
6571
105378500
106635531
124901611
6697
4908
105378555
105373719
8436
2741
105371922
105373945
100189093
60680
4547
93587
109623485
389151
440087
100616455
5167
10763
388552
79090
340357
102724785
8718
102724316
105376474
10024
101927267
338761
79962
3791
155435
124900191
101447996
101927455
124902305
92259
1022
101930053
105375517
105375380

152877
339505
105369963
284252
100500920
100500836
7473
101929777
105371125
23299
124902211
56300
101927186
105376823
57524
64223
283870
283871
124901507
124901298
100137049
119679
105375500
2591
105374163
105379593
112268154
102724623
100130155
406908
283768
112267900
102723872
105379675
105374933
6029
6595
100507249
81458
124907774
1973
652965
652966
26781
968
9526
100996842
107984452
120787
160298
116150
101927919
440345
112268174
340260
124900610
8715
23262
54826
124905213
55228
124902614
107987412
224
56658
414778
414777
202658
1992
100616285
114112
3107
105375040
9025
124901939
728343
100129636
105375002
26692
107986220
107986262
440896
653404
101927286

124901957
109616986
55690
100506107
101928532
170692
246175
105378497
596
11236
101927612
124908016
653437
285191
375318
386724
29925
124901105
100008587
100008589
252946
100289087
51290
101055625
23548
124900968
2917
124902417
347404
1024
157983
105373667
105371592
23277
23708
124900718
53371
105371201
3960
124904712
404665
6915
105371347
100616218
3120
390637
440307
105376010
105379090
101929395
26355
131076
102723582
54554
271
2780
105371348
105372026
5393
5868
151651
79089
339201
101926967
56970
55556
105379635
8508
124903460
222068
58483
124902258
101929684
390191
9437
103352670
100616275
7681
79057
100500852
124900399
55700
27095
1585

124905211
10178
124904597
79685
386627
9421
105372693
105376992
574501
100616134
26517
102466806
55089
124901971
102466615
712
714
713
6617
283624
124904200
107985653
124900612
387263
253769
100616228
107984909
107985360
84034
9592
8677
56654
105376327
954
9699
105375690
105377962
101929284
101929307
57189
494551
107985411
124904863
105370590
219981
219982
2128
101410536
112268462
109623482
107986412
3811
56300
51650
101929469
2528
101928844
2525
171546
1241
27141
102723914
2982
107987405
100500869
29944
102724637
105373110
124904526
1524

107984205
107984206
124900358
100616343
124901005
3074
8507
55652
10411
124900364
124901527
105376011
105375313
440567
101929272
124900608
10251
10090
124901425
4363
107984869
3040
3039
3049
401176
441061
105379640
124903525
388939
6430
100289511
125906382
124901073
497189
10068
100128494
124903104
105369811
122553
5411
155
57153
3609
147727
107985774
124901478
1491
101928567
124900313
101927283
105372395
407011
407019
407012
100422842
54852
102723548
124904086
5034
396
107985119
124907991
5270
83661
105369321
105375238
729458
284428
105378969
4283
419
3627
6373
105374188
647107
105374541
124900898
255130
3490
2013
1302
101927230
729440
768217
8993
105372421
79645
128071544
101927823
57205
5155
107985615
285386
401409
124901759
407036
124905106
90390
105375716

725
5545
124905383
3109
6046
105375130
124901048
103689843
105372059
124905347
105371800
105373885
130612
79586
124904038
101927549
124904288
56853
5155
100874239
55226
124901103
134266
285973
11194
124901777
9311
101409257
401447
645402
100128890
54982
105377155
284293
645832
23098
7448
1974
619567
109617006
100302143
677847
6043
619568
570
101241892
4678
23177
100616491
102723670
3811
3805
2872
10529
124905245
6899
9736
124907772
107986155
107986156
2705
101929269
107987065
389903
4101
107985638
4105
1520
105379136
124904571
124901731
105375972
5318
107397391
101927752
692092
7932
11231
27079
7407
57819
255394
100996648
