80772
54973
83756
102466740
124903824
55229
388585
63976
440556
124903827
100422968
5081
100423028
576
124903930
105378714
63950
431707
343472
6913
105378933
388722
56956
3142
100873924
100616307
130497
151449
107985879
6496
100506108
5013
100132215
56603
2016
124905956
2019
3625
4929
1745
104326193
1746
285084
100131390
102724194
344191
3239
3238
3237
3236
3235
3234
100129455
401021
100506783
406903
3233
3232
150538
23314
151278
5077
124906126
2637
105377006
8320
5364
100313843
1294
100616112
102724368
1951
101927167
2624
100873950
84107
7545
440982
152
4487
94031
105374373
3166
124900666
9948
285547
579
285548
105377363
110231149
5308
124900857
124900815
11341
79804
9464
124900816
101929056
101929081
50805
153571
153572
79192
107986399
100861519
2668
23440
109729137
645323
93166
105379152
100996485
5307
101927953
2295
102466720
101927703
2296
105374898
51299
124901485
109729173
100130275
7020
107986564
105447646
5454
124901364
6492
7101
285804
84498
28514
340260
100506311
3198
3199
3201
100133311
3202
3203
3200
3204
3205
100874323
442920
3206
100534589
221883
3207
100316868
3209
2020
6469
105375606
645249
3110
64641
575
100126338
23513
102465906
642658
2875
101928953
113655
9684
9401
441381
414919
105376031
5079
124902216
101928040
56033
105376267
100505588
9355
4010
105376277
56751
124902296
124902301
8022
124902310
401563
20
105376328
100500811
389816
124902315
100505993
105376394
2625
399717
100131213
84858
101929234
340665
1592
159296
101927324
5076
124902491
399806
10660
2018
196047
340784
3167
9184
253738
170394
124902526
619552
51214
3481
6881
1200
440034
5080
103157000
100507261
406918
124902807
595
124902704
3228
105369775
3227
100124700
3226
100874365
406973
100874364
3225
100874363
3224
3222
3221
3223
124902939
693200
104355219
64211
255480
6910
6926
780529
5457
85416
7546
124900341
6656
100506237
253970
7080
105370453
5083
105370455
319089
3169
124903322
100309464
5015
104548971
113218481
6495
8788
207
100128927
102465458
1397
1396
283643
105370824
3175
107983981
101928499
27023
124903570
390598
105370870
101929076
26827
124903549
254559
407051
107984777
101927263
89941
9028
10273
339123
8912
124903622
124903623
124903621
25823
197342
4832
65993
10101
90864
124056
2671
9143
23524
100128788
84309
10265
643911
124903692
2294
400550
23135
124904106
107987244
92162
124637
3975
102723471
26574
3214
406902
128462380
404266
3213
3215
3216
3217
3218
3219
100874351
406972
6909
103689912
388407
9496
124904042
84733
57332
124904071
101928766
100130370
57597
100616294
201255
201254
5881
113523640
106633803
2194
102465472
284207
652991
124904295
220136
4152
30827
9480
10194
284273
27164
645321
124904334
118827813
255057
513
112268271
4821
124904961
101929608
5075
140828
3170
6754
7056
2778
149775
128826
253868
406904
406923
6493
107985492
105369308
6899
4330
7477
642648
400931
112268288
100500828
415116
102465493
170302
107985687
102723591
26576
124905227
100873990
8269
3054
